  7.500000000000000E-003
  7.500000000000000E-003
  7.500000000000000E-003
  7.500000000000000E-003
  7.500000000000000E-003
  7.500000000000000E-003
  7.500000000000000E-003
  7.500000000000000E-003
  7.500000000000000E-003
  7.500000000000000E-003
  7.500000000000000E-003
  7.729135538087037E-003
  8.295183902905994E-003
  8.885518937214003E-003
  9.386842475050778E-003
  9.727653221779028E-003
  9.882694923226569E-003
  9.967856079640789E-003
  1.001259742281221E-002
  1.002124920227566E-002
  1.002526615024741E-002
  1.002523127377303E-002
  1.003011000999529E-002
  1.002935066813759E-002
  1.003005082906973E-002
  1.002957221622260E-002
  1.003021862428154E-002
  1.002975451225797E-002
  1.002986841960002E-002
  1.002994423071410E-002
  1.003030948717157E-002
  1.003044884622297E-002
  1.003007880511811E-002
  1.003003937082124E-002
  1.003011419909871E-002
  1.003025208593999E-002
  1.003009749939382E-002
  1.003003417215626E-002
  1.002993284811460E-002
  1.003055487251726E-002
  1.003254284527438E-002
  1.003179820689853E-002
  1.003390022123573E-002
  1.003499606790304E-002
  1.003429438246113E-002
  1.003489628721698E-002
  1.003473818755003E-002
  1.003582786839433E-002
  1.003516831902630E-002
  1.003517189751813E-002
  1.003536736183099E-002
  1.003601417188571E-002
  1.003733867393077E-002
  1.003771114234593E-002
  1.003780676320592E-002
  1.003861411356175E-002
  1.004013570161414E-002
  1.004025792629813E-002
  1.004094134249833E-002
  1.004257006358913E-002
  1.004344828048916E-002
  1.004515641877519E-002
  1.004585163053442E-002
  1.004585113137917E-002
  1.004582742894964E-002
  1.004669626065064E-002
  1.004741614870397E-002
  1.005155859487186E-002
  1.005147504826797E-002
  1.005147496375513E-002
  1.005312437443408E-002
  1.005309825612473E-002
  1.005309128745042E-002
  1.005795941107584E-002
  1.005874122421349E-002
  1.005958128922325E-002
  1.005958254554916E-002
  1.005958003729389E-002
  1.006039209529541E-002
  1.006039209529541E-002
  1.006039209529541E-002
  1.006039209529541E-002
  1.006039209529541E-002
  1.006039209529541E-002
  1.006039209529541E-002
  1.006039209529541E-002
  1.006039209529541E-002
  1.006039209529541E-002
  1.006039209529541E-002
  1.006039209529541E-002
  1.006039209529541E-002
  1.006039209529541E-002
  1.006039209529541E-002
  1.006039209529541E-002
  1.006036418026817E-002
  1.006039209529541E-002
  1.006036418026817E-002
  1.006036418026817E-002
  1.006036324322753E-002
  1.006039209529541E-002
